12256127707001624091630383080 duy 1 9 20210905153813
12256127707001624091630383080 duy 0 5 20210905154521
12256127707001624091630383080 duy 0 5 20210905154539
12256127707001624091630383080 duy 1 9 20210905154611
12256127707001624091630383080 duy 1 9 20210905154830
12256127707001624091630383080 duy 0 10 20210905155428
12256127707001624091630383080 user 1 9 20210905155658
12256127707001624091630383080 duy 0 10 20210905170323
12256127707001624091630383080 duy 0 10 20210905170355
12256127707001624091630383080 duy 1 9 20210905170719
29169204820472044204524281630775005 duy 1 9 20210905170733
12256127707001624091630383080 user 0 10 20210906183153
12256127707001624091630383080 user 1 9 20210906183850
12256127707001624091630383080 duy 1 9 20210906195029
12256127707001624091630383080 minh 0 10 20210907142059
29169204820472044204524281630775005 vuminhduc 2 8 20210907144801
36500204520482047204524281631002874 user 2 8 20210907152310